$ANSIBLE_VAULT;1.2;AES256;pass
64386666623562346536323065303833653565653865613939633665633061663139333935346432
3934366132373162663366313665343333613235623638350a616134643361646334623065363963
66343230336338313061343138366634306335393564393631383765306338363839633730346561
6633336435326637370a646536393863386439613730656266623435363863343564623266353136
62376263383765363735633938616332313063643666333137316135323130323863346539383233
61323332306261616366663835376531653161303533653432633034613535646564363836643937
62376337653662633734656164313934616438376539363239643631313766393434373039643364
38306262303931626361346537366666656130373539626130353736633666376431363763633139
31653861636330306164326330386264626530643436396432306561383133653439663466353638
32323435666434313639346165363539346333383261656538353564356166613431363966303231
36343663623439666562386666643638393036626564616631393036663862653066333934356663
63653765313830353936653162356131643633623861636135393234373933653238393564373764
61303136636661646539303033346664323038303535653031656335363063326332316666336663
36316137636663646461663231393566326631643430356637333532363332613262623836336430
33326439663166373232336436393738643563643637353062616435653532626430353663383930
61663336393261633435386664633761633731366637333838356237663738363339633235316434
30326562313933646239373735313338363665643438643839376462646264323035363237373566
34633537663034626239343661383433613830643238623766336533373038313131343837623932
36623333623138346331323933643165373935383965626332656337623135373861626563323735
31646132346533373534303464663661333232646436333530373966373233666565333037323334
64346632383633616262633331616563623463343162653539336361316536613632396130623330
35663739383235373034373262663664393436653538653539306536636662633861333939326637
63656332643538353034666266373364626635336632663931363838333435633462613734396539
36313463313136333064353665353065336563356632313336376464653139323434656365346531
37343332396165663065316134653132343530323965373461326639356564316566393465306530
34646232633338663430396464363962336630623031373137356664383836653738633133353235
63613665303562643032323161316437353164613161333465313536343738386465633630323533
39616532386562633032336661323239363734346533626566306430303465313036646638396264
33626265326263316537633232623332653337666366393236303637363533643364313139353266
3530336566613363353936633230326133393738336565316432
